Args:
	algorithm: MCR
	beta: 0.0
	checkpoint_freq: None
	data_dir: data
	dataset: PACS
	fd: 42
	holdout_fraction: 0.2
	hparams: None
	hparams_seed: 0
	output_dir: output/pacs_tests/mcr_env13_fd42_b0
	seed: 0
	steps: 10000
	test_envs: [1, 3]
	trial_seed: 0
HParams:
	batch_size: 64
	beta: 0.0
	class_balanced: True
	decay: 1500
	fd: 42
	groupdro_eta: 0.01
	irm_lambda: 100.0
	irm_penalty_anneal_iters: 500
	lr: 5e-05
	mixup_alpha: 0.2
	mldg_beta: 1.0
	mlp_depth: 3
	mlp_dropout: 0.0
	mlp_width: 256
	mmd_gamma: 1.0
	n_comp: 6
	resnet_dropout: 0.0
	weight_decay: 0.0
saved at step 0
env0_in_acc   env0_out_acc  env1_in_acc   env1_out_acc  env2_in_acc   env2_out_acc  env3_in_acc   env3_out_acc  epoch         loss          mcr           mi            step          step_time    
0.3776693106  0.3716381418  0.3896588486  0.3418803419  0.6422155689  0.6167664671  0.4389312977  0.4280254777  0.0000000000  -4.943688392  -4.943688392  0.0000000000  0             20.084540128 
